209,528,20,40
((176, 421), (165, 580))
((165, 580), (215, 743))
((215, 743), (420, 823))
((420, 823), (711, 844))
((711, 844), (1078, 842))
((1078, 842), (1467, 838))
((1467, 838), (1552, 666))
((1552, 666), (1593, 289))
((1593, 289), (1380, 55))
((1380, 55), (732, 27))
((732, 27), (322, 142))
((322, 142), (176, 421))
((276, 485), (263, 601))
((263, 601), (328, 666))
((328, 666), (490, 746))
((490, 746), (693, 755))
((693, 755), (937, 770))
((937, 770), (1196, 778))
((1196, 778), (1365, 753))
((1365, 753), (1468, 587))
((1468, 587), (1482, 327))
((1482, 327), (1359, 174))
((1359, 174), (1119, 114))
((1119, 114), (866, 106))
((866, 106), (646, 133))
((646, 133), (450, 199))
((276, 485), (338, 335))
((338, 335), (450, 199))
