62,271,20,40
((33, 668), (29, 216))
((29, 216), (65, 76))
((65, 76), (205, 54))
((205, 54), (298, 107))
((298, 107), (359, 227))
((359, 227), (357, 331))
((123, 647), (125, 527))
((125, 527), (123, 211))
((123, 211), (140, 173))
((140, 173), (191, 171))
((191, 171), (217, 231))
((217, 231), (248, 301))
((248, 301), (245, 408))
((245, 408), (205, 486))
((205, 486), (156, 556))
((357, 331), (325, 467))
((325, 467), (239, 610))
((156, 556), (142, 639))
((142, 639), (150, 755))
((239, 610), (222, 679))
((222, 679), (273, 720))
((150, 755), (218, 799))
((273, 720), (346, 689))
((346, 689), (384, 600))
((384, 600), (408, 510))
((218, 799), (316, 798))
((316, 798), (428, 741))
((428, 741), (465, 666))
((465, 666), (514, 509))
((408, 510), (421, 423))
((514, 509), (605, 405))
((421, 423), (430, 221))
((514, 243), (511, 345))
((511, 345), (662, 298))
((662, 298), (630, 227))
((630, 227), (564, 199))
((564, 199), (514, 243))
((605, 405), (702, 379))
((430, 221), (482, 126))
((482, 126), (584, 105))
((584, 105), (669, 98))
((669, 98), (749, 155))
((749, 155), (782, 227))
((782, 227), (829, 246))
((829, 246), (902, 264))
((902, 264), (966, 216))
((966, 216), (974, 161))
((974, 161), (1040, 74))
((1040, 74), (1173, 78))
((702, 379), (825, 386))
((825, 386), (977, 377))
((977, 377), (1071, 287))
((1071, 287), (1106, 219))
((1106, 219), (1184, 199))
((1184, 199), (1216, 277))
((1216, 277), (1118, 413))
((1118, 413), (910, 450))
((1173, 78), (1304, 108))
((1304, 108), (1352, 211))
((1352, 211), (1324, 364))
((1324, 364), (1200, 516))
((1200, 516), (925, 541))
((910, 450), (748, 428))
((748, 428), (628, 467))
((628, 467), (552, 569))
((552, 569), (503, 677))
((503, 677), (511, 756))
((511, 756), (625, 779))
((625, 779), (780, 768))
((925, 541), (745, 543))
((745, 543), (660, 599))
((660, 599), (634, 659))
((634, 659), (675, 689))
((675, 689), (824, 666))
((824, 666), (1243, 529))
((780, 768), (974, 732))
((974, 732), (1275, 610))
((1243, 529), (1340, 404))
((1340, 404), (1386, 201))
((1386, 201), (1410, 130))
((1410, 130), (1480, 72))
((1480, 72), (1586, 62))
((1586, 62), (1675, 88))
((1675, 88), (1696, 180))
((1275, 610), (1431, 499))
((1431, 499), (1469, 320))
((1469, 320), (1470, 257))
((1470, 257), (1491, 202))
((1491, 202), (1546, 162))
((1546, 162), (1603, 206))
((1603, 206), (1572, 321))
((1696, 180), (1696, 306))
((1572, 321), (1480, 393))
((1480, 393), (1455, 464))
((1455, 464), (1463, 509))
((1696, 306), (1697, 564))
((1598, 433), (1564, 474))
((1564, 474), (1613, 485))
((1613, 485), (1598, 433))
((1463, 509), (1382, 575))
((1382, 575), (970, 761))
((1697, 564), (1691, 794))
((1691, 794), (1579, 846))
((1579, 846), (1309, 858))
((970, 761), (579, 800))
((157, 804), (120, 752))
((120, 752), (123, 647))
((33, 668), (27, 858))
((27, 858), (243, 873))
((243, 873), (1309, 858))
((157, 804), (212, 821))
((212, 821), (374, 813))
((374, 813), (579, 800))
((1188, 750), (1443, 626))
((1443, 626), (1565, 602))
((1565, 602), (1585, 684))
((1585, 684), (1546, 760))
((1546, 760), (1227, 790))
((1227, 790), (1097, 796))
((1097, 796), (1188, 750))
