224,701,20,40
((323, 367), (189, 332))
((279, 138), (388, 66))
((388, 66), (549, 34))
((549, 34), (653, 89))
((653, 89), (738, 160))
((738, 160), (764, 242))
((764, 242), (760, 311))
((760, 311), (884, 340))
((884, 340), (984, 298))
((984, 298), (1057, 256))
((1057, 256), (1112, 184))
((1112, 184), (1237, 151))
((1237, 151), (1302, 80))
((1302, 80), (1429, 73))
((1429, 73), (1538, 123))
((1538, 123), (1583, 210))
((1583, 210), (1583, 310))
((1583, 310), (1681, 393))
((1681, 393), (1662, 486))
((1662, 486), (1611, 580))
((1611, 580), (1488, 595))
((1488, 595), (1470, 648))
((1470, 648), (1472, 711))
((1472, 711), (1498, 798))
((1498, 798), (1414, 848))
((1414, 848), (1236, 854))
((77, 651), (151, 558))
((151, 558), (309, 504))
((309, 504), (323, 367))
((189, 332), (159, 206))
((159, 206), (279, 138))
((359, 674), (431, 565))
((1236, 854), (238, 857))
((238, 857), (106, 781))
((106, 781), (77, 651))
((359, 674), (414, 726))
((431, 565), (491, 441))
((491, 441), (500, 321))
((500, 321), (376, 270))
((376, 270), (466, 225))
((466, 225), (533, 206))
((533, 206), (591, 263))
((591, 263), (589, 341))
((589, 341), (649, 413))
((649, 413), (817, 481))
((817, 481), (958, 471))
((958, 471), (1072, 402))
((1072, 402), (1190, 340))
((1190, 340), (1218, 291))
((1218, 291), (1299, 226))
((1299, 226), (1384, 208))
((1384, 208), (1453, 237))
((1453, 237), (1438, 301))
((1438, 301), (1490, 412))
((1490, 412), (1430, 460))
((1430, 460), (1360, 468))
((1360, 468), (1302, 545))
((1302, 545), (1287, 625))
((1287, 625), (1318, 700))
((1318, 700), (1274, 745))
((1274, 745), (414, 726))
