93,487,20,40
((37, 613), (40, 324))
((40, 324), (177, 178))
((146, 850), (37, 613))
((152, 532), (151, 390))
((151, 390), (207, 284))
((207, 284), (313, 235))
((313, 235), (394, 223))
((394, 223), (431, 340))
((431, 340), (408, 399))
((405, 452), (478, 501))
((478, 501), (610, 505))
((610, 505), (708, 435))
((708, 435), (741, 362))
((741, 362), (707, 255))
((707, 255), (656, 178))
((177, 178), (327, 129))
((327, 129), (467, 148))
((467, 148), (530, 238))
((530, 238), (568, 371))
((530, 238), (526, 114))
((656, 178), (718, 128))
((526, 114), (667, 66))
((718, 128), (810, 207))
((667, 66), (756, 40))
((756, 40), (895, 49))
((895, 49), (980, 134))
((980, 134), (966, 256))
((810, 207), (808, 337))
((808, 337), (867, 452))
((867, 452), (1010, 494))
((1010, 494), (1044, 525))
((1044, 525), (967, 586))
((967, 586), (834, 484))
((834, 484), (768, 448))
((768, 448), (693, 505))
((693, 505), (640, 565))
((640, 565), (546, 534))
((966, 256), (946, 351))
((946, 351), (986, 410))
((986, 410), (1062, 415))
((1062, 415), (1114, 458))
((1114, 458), (1191, 539))
((1191, 539), (1150, 622))
((1150, 622), (1044, 681))
((1044, 681), (883, 675))
((883, 675), (797, 589))
((797, 589), (654, 664))
((654, 664), (458, 628))
((546, 534), (421, 507))
((405, 452), (408, 399))
((421, 507), (366, 456))
((366, 456), (360, 354))
((360, 354), (323, 289))
((323, 289), (248, 313))
((248, 313), (188, 386))
((188, 386), (169, 517))
((169, 517), (198, 625))
((458, 628), (309, 550))
((309, 550), (275, 458))
((198, 625), (312, 744))
((773, 732), (817, 790))
((817, 790), (1010, 783))
((1010, 783), (1160, 719))
((1160, 719), (1279, 606))
((1279, 606), (1303, 487))
((1303, 487), (1219, 346))
((1219, 346), (1141, 293))
((980, 134), (1128, 77))
((1141, 293), (1114, 192))
((1114, 192), (1245, 118))
((1128, 77), (1222, 28))
((1222, 28), (1337, 23))
((1337, 23), (1604, 93))
((1604, 93), (1596, 235))
((1370, 230), (1489, 232))
((1489, 232), (1431, 144))
((1431, 144), (1370, 230))
((1245, 118), (1221, 261))
((1221, 261), (1331, 359))
((1596, 235), (1630, 366))
((1331, 359), (1339, 498))
((1375, 361), (1372, 438))
((1375, 361), (1456, 382))
((1456, 382), (1446, 443))
((1446, 443), (1372, 438))
((1630, 366), (1588, 452))
((1588, 452), (1623, 597))
((1339, 498), (1302, 649))
((1501, 552), (1489, 612))
((1526, 613), (1550, 541))
((1550, 541), (1501, 552))
((1489, 612), (1463, 645))
((1463, 645), (1461, 695))
((1461, 695), (1503, 699))
((1503, 699), (1526, 613))
((1623, 597), (1573, 786))
((1302, 649), (1227, 751))
((1573, 786), (1200, 866))
((1227, 751), (1009, 806))
((230, 707), (152, 532))
((516, 789), (312, 744))
((440, 799), (293, 762))
((293, 762), (230, 707))
((146, 850), (240, 868))
((240, 868), (1200, 866))
((773, 732), (631, 768))
((631, 768), (516, 789))
((440, 799), (550, 806))
((550, 806), (1009, 806))
